[[1]]
[[1]][[1]]
             0           1           2           3           4           5           6           7           8           9          10          11
1  0.021944374                                                                                                                                    
2  0.028728500 0.018954152                                                                                                                        
3  0.066685479 0.063464206 0.062906434                                                                                                            
4  0.067367170 0.064897380 0.065538496 0.010480911                                                                                                
5  0.067840913 0.067326518 0.066542859 0.015807433 0.012873559                                                                                    
6  0.039143914 0.038124267 0.039173282 0.076518596 0.079852814 0.080354505                                                                        
7  0.048665740 0.046582103 0.045265868 0.073367629 0.077654204 0.077748321 0.016180273                                                            
8  0.047556603 0.042973449 0.043033643 0.073070823 0.077211825 0.077943012 0.015951264 0.009289659                                                
9  0.070027639 0.062483292 0.062070496 0.059587349 0.061184996 0.060928745 0.081568783 0.081618459 0.079585751                                    
10 0.071173243 0.063995546 0.064664681 0.054935812 0.054932270 0.056138617 0.086960628 0.086754803 0.084519107 0.025790268                        
11 0.067453581 0.058677328 0.059033058 0.053791667 0.054751688 0.056463730 0.080918272 0.081075544 0.078709984 0.025313495 0.012148893            
12 0.066737314 0.057179587 0.064123606 0.080414978 0.083254015 0.086527909 0.068994779 0.073001792 0.067773735 0.077421924 0.084030864 0.079884511
13 0.052855490 0.043559136 0.053747911 0.076940606 0.078385118 0.082199550 0.058029248 0.064174826 0.059124909 0.079897239 0.081237387 0.075960606
14 0.057419105 0.047000679 0.053946051 0.082107511 0.084445073 0.086613820 0.058564845 0.063846336 0.058111602 0.081409306 0.084911545 0.079577037
15 0.053169761 0.040863538 0.041802558 0.062619692 0.064193743 0.067759186 0.060120264 0.063795304 0.061925326 0.064471849 0.070285385 0.066023920
16 0.041264658 0.028759007 0.029160205 0.056945901 0.058338037 0.061017583 0.050750969 0.053187567 0.050511271 0.057027000 0.059599127 0.055825198
17 0.044640994 0.040203908 0.048580130 0.062600188 0.064084742 0.068964275 0.049966038 0.057235225 0.054988972 0.077287593 0.081015377 0.075965073
18 0.061100674 0.052113785 0.054872628 0.072496349 0.077180773 0.077103270 0.052909477 0.055482331 0.053368954 0.067181487 0.079680336 0.074585473
19 0.038361650 0.031859805 0.040882288 0.067344392 0.069123162 0.070115976 0.041050390 0.047329521 0.044924291 0.062596985 0.070541433 0.066882532
20 0.042511545 0.035897912 0.042364591 0.064484595 0.065943660 0.065522807 0.048444202 0.052289393 0.049265060 0.058031642 0.064495739 0.062692028
21 0.074067397 0.063888395 0.060361188 0.070158259 0.074636806 0.075737118 0.070574735 0.065917574 0.066876401 0.070634033 0.072873251 0.067936949
22 0.089528847 0.077860780 0.073105002 0.074235565 0.078689740 0.079915408 0.084761761 0.077739497 0.077766299 0.074324563 0.075529502 0.071286493
23 0.072626523 0.063077724 0.060311463 0.053550074 0.057037999 0.058947422 0.071997674 0.065979168 0.066352911 0.061362878 0.061630024 0.058036682
24 0.060014360 0.053033446 0.056671757 0.062839299 0.066479196 0.066320052 0.056307014 0.056135816 0.054491095 0.061843964 0.071847415 0.068900854
25 0.061290547 0.055371226 0.059049832 0.066285651 0.069550063 0.068806206 0.056511904 0.057184958 0.056035129 0.063389088 0.075380620 0.072341397
26 0.071916104 0.064816359 0.068171626 0.072049472 0.075675467 0.075270160 0.067830427 0.067537198 0.066309703 0.066679177 0.080284537 0.078245769
27 0.057512249 0.050780252 0.043116598 0.050378116 0.053274044 0.052481915 0.066987110 0.066648444 0.066178011 0.057052144 0.055868828 0.053094454
28 0.053939095 0.048740315 0.040817716 0.043273924 0.046506874 0.044992148 0.060983522 0.059510201 0.060008574 0.054176378 0.054705106 0.051820522
29 0.055116012 0.047601461 0.041430898 0.041667693 0.045237420 0.045589232 0.060093046 0.058134348 0.057238717 0.051754274 0.049747712 0.046057032
30 0.059339739 0.050298079 0.045296789 0.049811646 0.052709126 0.054586385 0.062979338 0.060504495 0.057469974 0.051611848 0.046994947 0.041340950
31 0.067615360 0.055613337 0.050678039 0.053970500 0.057754400 0.060095925 0.066552246 0.064188492 0.060285083 0.054816596 0.052356259 0.045519998
32 0.063261297 0.052761686 0.048210297 0.050071640 0.054564276 0.055885476 0.062414276 0.059188746 0.055649304 0.049739576 0.049746290 0.043403275
33 0.064879738 0.055610518 0.049166298 0.074107589 0.076392143 0.076516872 0.070164259 0.068571486 0.067257674 0.068736240 0.066665545 0.061634073
34 0.064879738 0.055610518 0.049166298 0.074107589 0.076392143 0.076516872 0.070164259 0.068571486 0.067257674 0.068736240 0.066665545 0.061634073
35 0.067776513 0.058038888 0.053033437 0.079181401 0.080518235 0.081876612 0.077154303 0.077331961 0.075414442 0.071261213 0.067365026 0.062686494
36 0.055833253 0.047185372 0.046079821 0.058980991 0.063316002 0.064200113 0.049113907 0.049123492 0.045849663 0.068647329 0.071677846 0.067691905
37 0.052531031 0.044145551 0.042138472 0.060375362 0.064621933 0.066075114 0.042955593 0.043804956 0.040453906 0.076743503 0.077668126 0.072288012
38 0.050790707 0.044395804 0.042737328 0.060402038 0.064486727 0.065301245 0.047553775 0.048557519 0.045540378 0.071599554 0.072863277 0.068836458
39 0.066875051 0.055809711 0.048598578 0.061807613 0.065924382 0.064757878 0.066834164 0.062961037 0.063049090 0.055563280 0.061015148 0.057135845
40 0.061504729 0.048966805 0.046098974 0.054361287 0.057407698 0.059078100 0.063377189 0.059906217 0.058209659 0.051170278 0.052133895 0.048260758
41 0.052139303 0.041624256 0.038216039 0.047150091 0.051396183 0.052091660 0.053392348 0.049906039 0.049014152 0.053881262 0.054645508 0.050324897
42 0.049736444 0.045676147 0.046263415 0.056482231 0.060049539 0.061453381 0.042698294 0.035872270 0.036694238 0.068235901 0.068127010 0.064903791
43 0.057630369 0.051739237 0.048836434 0.073233591 0.076577136 0.077006081 0.051686748 0.046689478 0.047972583 0.077202813 0.077027715 0.073810362
44 0.054185502 0.049383334 0.048692024 0.062516611 0.065108258 0.066693586 0.049578160 0.043744622 0.045340197 0.069897278 0.069946056 0.067270552
45 0.046112536 0.037543888 0.030715532 0.066549276 0.069312750 0.069799297 0.054164637 0.057551512 0.056229127 0.066763810 0.069894751 0.065262338
46 0.050127092 0.039541550 0.031484801 0.055699852 0.059443377 0.060273301 0.051328510 0.051274274 0.049756025 0.060393339 0.064569423 0.059268822
47 0.049574043 0.040229193 0.033851289 0.056523070 0.059934934 0.060943929 0.051207771 0.052591998 0.051252828 0.062087129 0.067180533 0.061950508
48 0.051335898 0.044340035 0.046578248 0.075362090 0.078717809 0.079486830 0.042305510 0.044750656 0.042905138 0.084388588 0.089685802 0.084674077
49 0.052174877 0.043196521 0.045762031 0.070901928 0.073611003 0.075989510 0.048535806 0.051863278 0.049979380 0.074236597 0.080120980 0.075861133
50 0.054589701 0.046702002 0.049175264 0.072909017 0.076264109 0.077470046 0.049293104 0.051543398 0.050168267 0.074191113 0.082578715 0.078384788
51 0.062579358 0.050081013 0.052001742 0.060198244 0.063654056 0.067230318 0.062838703 0.061231610 0.056773546 0.054518601 0.055334439 0.049901837
52 0.063848733 0.052327253 0.054176164 0.067021426 0.069824499 0.071891364 0.065222591 0.064266977 0.060195650 0.050468769 0.058591445 0.055529299
53 0.061403624 0.047510939 0.048249014 0.064240552 0.067775374 0.071136705 0.059678254 0.059044260 0.055351977 0.054376753 0.058925575 0.052839747
54 0.055472630 0.047832102 0.055152155 0.065433546 0.068929345 0.073035593 0.047305645 0.046938785 0.044836719 0.072509897 0.078078064 0.073290342
55 0.056995076 0.049237261 0.059458016 0.071795626 0.074190744 0.079072395 0.049082859 0.052453210 0.050230554 0.077547778 0.082863784 0.077081828
56 0.050229076 0.043456121 0.054830266 0.069602236 0.071468256 0.075841911 0.047690112 0.051565396 0.048824898 0.073983238 0.078897880 0.074617893
57 0.061645577 0.053005688 0.052294238 0.054903206 0.057022372 0.059926711 0.064574421 0.059783028 0.058484925 0.067625995 0.065206586 0.062981177
58 0.065266078 0.057749462 0.057140572 0.055738376 0.057072538 0.060070316 0.069167092 0.064532382 0.063251875 0.070153017 0.068096826 0.066347425
59 0.063326641 0.057351413 0.057845773 0.057628200 0.058522640 0.061666361 0.069090857 0.064510342 0.064118600 0.071595322 0.068217136 0.067164288
60 0.051963321 0.044306034 0.042345803 0.064857342 0.067973602 0.069292778 0.047704435 0.042757848 0.040888779 0.069802332 0.069930455 0.066397771
61 0.046173311 0.036948628 0.038319846 0.058512211 0.061353523 0.063635070 0.043245469 0.040062764 0.037229926 0.065079913 0.065519579 0.061495979
62 0.051330833 0.042881655 0.041834582 0.059585668 0.063011211 0.065165067 0.046370792 0.041377626 0.039285990 0.067297439 0.068160675 0.064290937
63 0.054016795 0.045012548 0.049667134 0.068856277 0.070311933 0.072518302 0.044752153 0.042005739 0.038887724 0.070528042 0.075891144 0.072769837
64 0.061531489 0.052359984 0.056331460 0.071591100 0.072726712 0.075812961 0.052423262 0.048165604 0.045064543 0.074348077 0.078710714 0.076159133
65 0.056966662 0.047876125 0.052517043 0.069960467 0.071103669 0.073463198 0.047946475 0.045154493 0.041660305 0.072035687 0.077330342 0.074535852
66 0.062453198 0.052068808 0.055654911 0.056985813 0.060600694 0.064177687 0.059204767 0.055439694 0.053955017 0.061219417 0.066921449 0.063081585
67 0.058882461 0.047814663 0.052755454 0.062161434 0.065175789 0.070050523 0.056623885 0.055057497 0.053912127 0.070076201 0.071971045 0.066924673
68 0.063612380 0.053955139 0.058263615 0.061500299 0.065509806 0.069700500 0.059997693 0.057058253 0.056604578 0.066329365 0.070709290 0.065646899
69 0.039149655 0.026854568 0.033361245 0.052630921 0.055999785 0.058647434 0.039666644 0.039773343 0.036945711 0.055732378 0.057819627 0.052372780
70 0.052188518 0.041074471 0.043205166 0.047893300 0.051533655 0.052821170 0.048988849 0.043996635 0.041127890 0.054109755 0.055398665 0.051064705
71 0.047725516 0.036151539 0.037840048 0.053387928 0.056880295 0.058114509 0.044095721 0.040825585 0.038245273 0.055798928 0.057190615 0.051942041
            12          13          14          15          16          17          18          19          20          21          22          23
1                                                                                                                                                 
2                                                                                                                                                 
3                                                                                                                                                 
4                                                                                                                                                 
5                                                                                                                                                 
6                                                                                                                                                 
7                                                                                                                                                 
8                                                                                                                                                 
9                                                                                                                                                 
10                                                                                                                                                
11                                                                                                                                                
12                                                                                                                                                
13 0.029283122                                                                                                                                    
14 0.027057177 0.019289728                                                                                                                        
15 0.055142679 0.050744226 0.055378007                                                                                                            
16 0.054590411 0.046630842 0.050471401 0.026383861                                                                                                
17 0.052708854 0.043314344 0.054038290 0.038571292 0.043900763                                                                                    
18 0.047566217 0.055186810 0.051908131 0.047852567 0.052339237 0.050862076                                                                        
19 0.048281215 0.044638261 0.047016464 0.041841447 0.036930887 0.039964297 0.032934144                                                            
20 0.052128965 0.050314336 0.050074163 0.046460552 0.036251178 0.050795484 0.038478045 0.018789288                                                
21 0.082820189 0.079244056 0.079934550 0.054614205 0.053604496 0.075616091 0.064369009 0.067438528 0.068833395                                    
22 0.089005092 0.088370185 0.087077653 0.066882336 0.064033160 0.089270232 0.075971085 0.080010403 0.079773715 0.027606714                        
23 0.079900938 0.076842674 0.079220622 0.052138762 0.048525818 0.071104094 0.065792427 0.065016595 0.064828053 0.025141518 0.025933856            
24 0.047344650 0.053465242 0.052972468 0.049450284 0.044764086 0.052465886 0.033569146 0.034788838 0.034940825 0.065909632 0.073981582 0.061585298
25 0.052555826 0.058695141 0.058099512 0.051707763 0.048744617 0.053586678 0.033680731 0.034709467 0.036560904 0.069203743 0.077819657 0.065278393
26 0.055423988 0.065688741 0.064240076 0.054484938 0.055880045 0.060867978 0.037790068 0.044159715 0.044706556 0.073212947 0.080919387 0.069995484
27 0.069956405 0.067953229 0.067576549 0.045756484 0.039982928 0.063886329 0.059230193 0.056743369 0.053441532 0.047909121 0.055319014 0.043247474
28 0.072386722 0.069721431 0.070175926 0.045394110 0.038966335 0.060503975 0.056933409 0.052992505 0.050684018 0.047619476 0.055811039 0.040277726
29 0.069456228 0.066747786 0.067444229 0.049876217 0.039597605 0.061286037 0.057983989 0.053883170 0.051108889 0.049236301 0.055822779 0.040594410
30 0.077948030 0.070315539 0.072256512 0.064356454 0.047902554 0.069410965 0.073693424 0.064436800 0.060596229 0.066091307 0.068103961 0.055131267
31 0.077925361 0.072606384 0.073145829 0.065594603 0.053521899 0.071592062 0.071035753 0.068145740 0.064305388 0.066300085 0.068056989 0.057087720
32 0.072081703 0.068670269 0.068661519 0.063208984 0.049800152 0.069012392 0.064761994 0.062222913 0.057882833 0.062940662 0.065417705 0.053372723
33 0.085466143 0.073366384 0.072682344 0.062207634 0.050033301 0.080920739 0.080666247 0.072474646 0.069040581 0.055569938 0.060266664 0.055622479
34 0.085466143 0.073366384 0.072682344 0.062207634 0.050033301 0.080920739 0.080666247 0.072474646 0.069040581 0.055569938 0.060266664 0.055622479
35 0.085409401 0.072595031 0.073506313 0.062645004 0.051202585 0.082556755 0.085544689 0.076071636 0.072860129 0.060368288 0.065326416 0.060476901
36 0.058985238 0.058879334 0.056931462 0.056204420 0.047070987 0.055616329 0.046746238 0.044821380 0.042723735 0.067898768 0.075879503 0.063869246
37 0.064046603 0.057634808 0.057026871 0.057612552 0.047818356 0.052631740 0.053420530 0.048953623 0.048790105 0.068648964 0.077257072 0.065390482
38 0.061654443 0.059421343 0.057644154 0.058543637 0.048006049 0.056086262 0.052909334 0.047200261 0.045849128 0.067771948 0.076413593 0.064769161
39 0.079670515 0.077888213 0.075454537 0.049344512 0.044796003 0.074661604 0.058102023 0.059536910 0.056534859 0.030992911 0.039279876 0.032859696
40 0.071538805 0.067768591 0.068723427 0.049355876 0.035996931 0.067773034 0.059909444 0.054400567 0.050718146 0.041561376 0.047494821 0.034734616
41 0.071232412 0.065678879 0.066567193 0.045062454 0.034961678 0.059404840 0.053141925 0.049088883 0.045772080 0.036518190 0.048605775 0.032182385
42 0.076773472 0.069625511 0.071997887 0.059759238 0.045369371 0.060867098 0.062016717 0.049354246 0.050244165 0.050117222 0.060241946 0.044949179
43 0.084975267 0.077528738 0.077157966 0.061804682 0.049981847 0.073285877 0.068438027 0.058447480 0.058628551 0.040030531 0.052783695 0.045345208
44 0.083840320 0.076245950 0.078997272 0.058535414 0.045431237 0.066097126 0.068202813 0.054236774 0.055096786 0.045696029 0.056866826 0.042379317
45 0.063301223 0.055580371 0.056102750 0.036129007 0.030028319 0.055505578 0.054346735 0.048834516 0.046352553 0.051761703 0.068030669 0.055765677
46 0.061176429 0.055821056 0.055856060 0.034592310 0.028052142 0.053340575 0.049262107 0.047478719 0.045023939 0.046636795 0.058615676 0.045145105
47 0.060047646 0.054990338 0.056404498 0.032800689 0.029428791 0.049501560 0.047584537 0.046304073 0.044801302 0.050115147 0.064146248 0.049212882
48 0.049577827 0.045387438 0.042312311 0.046642340 0.043470252 0.048397344 0.041239968 0.036425789 0.042207890 0.061413439 0.071952619 0.063084350
49 0.045546017 0.045595426 0.046468662 0.035788310 0.037138800 0.043298042 0.038331450 0.033766010 0.041607378 0.056340338 0.068437491 0.057225179
50 0.044793771 0.048031588 0.046756253 0.038692225 0.040422157 0.046906074 0.031561260 0.032009750 0.039813466 0.056349955 0.068210827 0.058024155
51 0.066600189 0.064423904 0.064459161 0.063167401 0.052285433 0.067967363 0.062378822 0.056739406 0.056362208 0.062526760 0.065462921 0.055257184
52 0.065007105 0.067879534 0.066225239 0.060052033 0.050425562 0.070740805 0.057356384 0.051660974 0.049532424 0.063757215 0.068185167 0.057887004
53 0.065047336 0.063549781 0.063547548 0.055518845 0.047593028 0.064751424 0.056790742 0.052563960 0.054725699 0.055543942 0.061308540 0.051924692
54 0.055526343 0.053721789 0.059465596 0.049532480 0.045484538 0.042431016 0.047732130 0.040425035 0.049502655 0.056080164 0.067452642 0.053126926
55 0.057526589 0.052515352 0.060293352 0.053070841 0.052749005 0.039182754 0.050611993 0.042274916 0.055424867 0.064797088 0.077245276 0.063062745
56 0.055517395 0.050649181 0.058532072 0.048821492 0.045362685 0.038272689 0.049574082 0.036565523 0.046070583 0.063314274 0.078071247 0.061783447
57 0.066310929 0.061585427 0.063697550 0.049351865 0.036687929 0.063280263 0.065834877 0.055674279 0.054407060 0.045703564 0.044126388 0.032115591
58 0.067754121 0.063910027 0.066572870 0.051728060 0.040310661 0.064634366 0.069372570 0.058854713 0.058005615 0.052208206 0.048417580 0.036101621
59 0.073282444 0.067442334 0.071489181 0.053916230 0.041369867 0.065860506 0.073446050 0.059375432 0.059014889 0.052235803 0.051332545 0.037954260
60 0.064913895 0.058472627 0.057161625 0.054020636 0.037473190 0.062732194 0.060581378 0.048938039 0.048855233 0.049851268 0.052448361 0.044120247
61 0.059052593 0.051643404 0.052295612 0.047596264 0.031805941 0.053283720 0.054246826 0.041232897 0.042109932 0.049560310 0.054620080 0.042428524
62 0.062340643 0.056704883 0.056982196 0.049548005 0.034885639 0.056945618 0.056467856 0.046265826 0.046809283 0.047126600 0.050628273 0.039510531
63 0.066134559 0.059556331 0.060638446 0.053059515 0.040603043 0.056972600 0.058478354 0.042409879 0.042954390 0.068397474 0.076023035 0.061962006
64 0.071446733 0.065501977 0.067134172 0.057958861 0.045461608 0.062887680 0.066610758 0.050787567 0.050669503 0.071654917 0.076809551 0.063298461
65 0.065813445 0.060047867 0.060932694 0.054392486 0.041856449 0.058444933 0.060016788 0.044199637 0.043967351 0.070976423 0.077260878 0.063416133
66 0.058339721 0.059687365 0.062989179 0.044201780 0.039005923 0.053760447 0.049488589 0.045797997 0.048511775 0.044839446 0.052092638 0.037430848
67 0.060948275 0.055204917 0.061668790 0.040635925 0.037895767 0.048387018 0.054828477 0.048312884 0.054362355 0.040975571 0.053711813 0.039354825
68 0.064278947 0.062943551 0.067906819 0.047686881 0.045785804 0.053799623 0.053001770 0.050836720 0.057111285 0.040455308 0.051783826 0.038253142
69 0.059655460 0.051305861 0.054009017 0.043335957 0.031969341 0.044954855 0.046952187 0.034394736 0.037969079 0.049005530 0.060734311 0.045314219
70 0.063263911 0.057993445 0.057729400 0.051036496 0.037605283 0.057581963 0.051598154 0.043601753 0.041474868 0.048845552 0.053082930 0.039086595
71 0.064571030 0.057633979 0.057024446 0.050825326 0.037283370 0.056623952 0.052000606 0.041914666 0.042709764 0.048601874 0.054723651 0.042747808
            24          25          26          27          28          29          30          31          32          33          34          35
1                                                                                                                                                 
2                                                                                                                                                 
3                                                                                                                                                 
4                                                                                                                                                 
5                                                                                                                                                 
6                                                                                                                                                 
7                                                                                                                                                 
8                                                                                                                                                 
9                                                                                                                                                 
10                                                                                                                                                
11                                                                                                                                                
12                                                                                                                                                
13                                                                                                                                                
14                                                                                                                                                
15                                                                                                                                                
16                                                                                                                                                
17                                                                                                                                                
18                                                                                                                                                
19                                                                                                                                                
20                                                                                                                                                
21                                                                                                                                                
22                                                                                                                                                
23                                                                                                                                                
24                                                                                                                                                
25 0.010509927                                                                                                                                    
26 0.019480422 0.016772917                                                                                                                        
27 0.055414325 0.059579674 0.066025469                                                                                                            
28 0.052584288 0.055570463 0.062859405 0.013999716                                                                                                
29 0.053946634 0.058020723 0.066299066 0.020854682 0.015704911                                                                                    
30 0.069388397 0.073201622 0.082060475 0.052945695 0.048481996 0.039567400                                                                        
31 0.071704972 0.075529468 0.083397051 0.055973310 0.052611214 0.042544111 0.017399023                                                            
32 0.064394402 0.068419093 0.076452197 0.052603622 0.048394977 0.038185420 0.017611126 0.012798379                                                
33 0.075448237 0.079614281 0.085547531 0.056473345 0.057486954 0.058094472 0.052562766 0.058050003 0.056902124                                    
34 0.075448237 0.079614281 0.085547531 0.056473345 0.057486954 0.058094472 0.052562766 0.058050003 0.056902124 0.000000000                        
35 0.080348455 0.085141210 0.090892905 0.058526934 0.062039306 0.062045752 0.057809624 0.063027483 0.062697619 0.015959289 0.015959289            
36 0.045726235 0.048830316 0.057537597 0.051239729 0.047390581 0.042363805 0.053570570 0.053063397 0.048297646 0.077322754 0.077322754 0.083167410
37 0.053888529 0.056764311 0.067014676 0.055306242 0.051450171 0.047073318 0.050533913 0.050191135 0.047804762 0.072874607 0.072874607 0.079237981
38 0.052572067 0.055346082 0.064818797 0.050660708 0.047571074 0.043347526 0.052627274 0.054088352 0.049878425 0.075851685 0.075851685 0.081605725
39 0.059583141 0.062154632 0.065792561 0.039429423 0.036375996 0.038970253 0.053067325 0.053516781 0.049513072 0.048585971 0.048585971 0.056067079
40 0.056038449 0.060500125 0.066802891 0.043284369 0.039901289 0.033965448 0.038782884 0.040947672 0.036170879 0.050818104 0.050818104 0.055190509
41 0.053091518 0.056932249 0.063638822 0.037442573 0.032370348 0.029955036 0.039389975 0.040867477 0.036281494 0.048150359 0.048150359 0.055008250
42 0.055850944 0.058188926 0.067522479 0.054056655 0.046196242 0.042746953 0.049367087 0.056186948 0.050585918 0.062162297 0.062162297 0.070069623
43 0.066695737 0.068946787 0.076467030 0.053796191 0.049723086 0.049577670 0.060884668 0.066190584 0.062339087 0.057663430 0.057663430 0.065094017
44 0.061503453 0.063168466 0.071024082 0.054049995 0.046851591 0.046124793 0.055067978 0.062404891 0.058182914 0.060088524 0.060088524 0.067162851
45 0.056504168 0.060499266 0.066628779 0.039623496 0.041882167 0.044714291 0.056909331 0.058703415 0.055056799 0.047520779 0.047520779 0.048374561
46 0.050608010 0.055002122 0.061412763 0.034775557 0.034117712 0.035233694 0.046783030 0.047052523 0.042881107 0.045527975 0.045527975 0.049049935
47 0.049570497 0.053340156 0.059844322 0.037814437 0.036774983 0.038322479 0.051090345 0.050855406 0.046635716 0.051442313 0.051442313 0.054173415
48 0.044723939 0.046894904 0.055600974 0.057167254 0.056156496 0.057959004 0.072126878 0.074129912 0.068759867 0.072497317 0.072497317 0.077247035
49 0.040193830 0.042990466 0.049712996 0.047662011 0.047555844 0.048794719 0.070165051 0.071720925 0.067015923 0.074549631 0.074549631 0.076604812
50 0.034722376 0.036993131 0.042987054 0.051229337 0.050383630 0.052682609 0.073801196 0.075246954 0.069115260 0.075880988 0.075880988 0.079107065
51 0.065438225 0.068782161 0.076036217 0.061236850 0.057213074 0.046762100 0.037711971 0.036792381 0.031414937 0.064819182 0.064819182 0.069720532
52 0.060168810 0.062081774 0.067132894 0.062986575 0.058754183 0.051558700 0.049340411 0.049509615 0.042253025 0.068291811 0.068291811 0.073053852
53 0.062143473 0.064608108 0.071294411 0.057986732 0.053784726 0.045054723 0.042893023 0.041514346 0.036862832 0.063805576 0.063805576 0.068451525
54 0.044692929 0.045768361 0.053770083 0.062917223 0.058578350 0.055912754 0.064776128 0.067228260 0.061975238 0.076704157 0.076704157 0.080904631
55 0.051011294 0.050808761 0.059403963 0.070412806 0.066131748 0.063265608 0.071704753 0.073374577 0.069542120 0.083790753 0.083790753 0.087077749
56 0.047933851 0.048369112 0.056492635 0.066901038 0.063254175 0.060745556 0.069111705 0.071620584 0.066932780 0.079699817 0.079699817 0.082346606
57 0.054266805 0.059689992 0.066308797 0.043066291 0.042188787 0.041318056 0.053028286 0.059779403 0.055152758 0.054784030 0.054784030 0.057968249
58 0.057334969 0.062416159 0.068946767 0.046777978 0.045684074 0.045281141 0.056054839 0.063127418 0.058667825 0.060545810 0.060545810 0.062966862
59 0.059699405 0.064257503 0.070758516 0.050307152 0.048070931 0.048575200 0.059186014 0.068120626 0.063520532 0.061117146 0.061117146 0.063864331
60 0.052758568 0.057414177 0.066223646 0.047720172 0.045424000 0.043231777 0.051032003 0.058017741 0.052764843 0.052085711 0.052085711 0.057773185
61 0.046910429 0.051376557 0.060778243 0.046434371 0.043434029 0.040649641 0.047541678 0.053700970 0.048518636 0.052414173 0.052414173 0.057690294
62 0.049403917 0.053946748 0.062681457 0.046593193 0.043621429 0.041303971 0.048947579 0.054703630 0.049426802 0.053058816 0.053058816 0.058591795
63 0.049880837 0.051844245 0.057711249 0.065353175 0.059565201 0.057753449 0.059779990 0.064754997 0.060212540 0.064606967 0.064606967 0.070044039
64 0.057210292 0.059475890 0.064328566 0.070399980 0.064667647 0.062213626 0.061715729 0.066921777 0.062944890 0.067732594 0.067732594 0.072683123
65 0.050214242 0.052324122 0.057998783 0.066860276 0.061439044 0.059440805 0.061317982 0.066096898 0.061646077 0.066603184 0.066603184 0.071594178
66 0.041824495 0.045043004 0.049939337 0.052802784 0.048962798 0.046926737 0.059527220 0.061877929 0.055394208 0.064975918 0.064975918 0.068961119
67 0.051148705 0.054852568 0.060759869 0.053611066 0.051422919 0.049620944 0.061926624 0.064383261 0.060375675 0.062715057 0.062715057 0.064792415
68 0.049424383 0.052208896 0.057473909 0.056077333 0.052660292 0.051016558 0.064865617 0.066892824 0.061521437 0.067699938 0.067699938 0.071142948
69 0.045167148 0.047978098 0.056677322 0.047934719 0.042772577 0.039481796 0.044126071 0.048406769 0.043824764 0.055039874 0.055039874 0.061118520
70 0.045169802 0.049014786 0.056940714 0.046766672 0.041170322 0.036464269 0.039570813 0.043551784 0.037722263 0.052925570 0.052925570 0.060839498
71 0.047456053 0.050372890 0.059269230 0.046255651 0.040606823 0.036397955 0.040617309 0.045582554 0.040981026 0.052360300 0.052360300 0.060357832
            36          37          38          39          40          41          42          43          44          45          46          47
1                                                                                                                                                 
2                                                                                                                                                 
3                                                                                                                                                 
4                                                                                                                                                 
5                                                                                                                                                 
6                                                                                                                                                 
7                                                                                                                                                 
8                                                                                                                                                 
9                                                                                                                                                 
10                                                                                                                                                
11                                                                                                                                                
12                                                                                                                                                
13                                                                                                                                                
14                                                                                                                                                
15                                                                                                                                                
16                                                                                                                                                
17                                                                                                                                                
18                                                                                                                                                
19                                                                                                                                                
20                                                                                                                                                
21                                                                                                                                                
22                                                                                                                                                
23                                                                                                                                                
24                                                                                                                                                
25                                                                                                                                                
26                                                                                                                                                
27                                                                                                                                                
28                                                                                                                                                
29                                                                                                                                                
30                                                                                                                                                
31                                                                                                                                                
32                                                                                                                                                
33                                                                                                                                                
34                                                                                                                                                
35                                                                                                                                                
36                                                                                                                                                
37 0.019541320                                                                                                                                    
38 0.016137624 0.019106174                                                                                                                        
39 0.057570462 0.060759150 0.059346984                                                                                                            
40 0.050232619 0.053273622 0.053265392 0.027754619                                                                                                
41 0.045174838 0.045413710 0.045922261 0.025371809 0.021583088                                                                                    
42 0.047763608 0.047015411 0.045913664 0.048749424 0.041291787 0.032850935                                                                        
43 0.058563391 0.057252605 0.054746376 0.042199674 0.044451762 0.036767324 0.026917130                                                            
44 0.056758211 0.056513145 0.054637549 0.046133659 0.042498336 0.035469032 0.016422623 0.021213608                                                
45 0.052975104 0.051660568 0.052391176 0.043912341 0.044790775 0.037810319 0.056433576 0.053512357 0.056332425                                    
46 0.045633732 0.044686050 0.047354811 0.036527992 0.035925622 0.028513191 0.049379883 0.051259157 0.051077456 0.018371204                        
47 0.046087035 0.045378187 0.048276392 0.041766964 0.040519622 0.032930097 0.052227825 0.055334184 0.054142571 0.017854148 0.009057746            
48 0.044238550 0.042296384 0.043478432 0.060516380 0.059747668 0.052482381 0.051734755 0.053352873 0.056803885 0.047353081 0.045826162 0.045992049
49 0.042991634 0.047583211 0.045358468 0.056269235 0.053953397 0.050044409 0.052149213 0.054245197 0.054377788 0.044686856 0.042944217 0.041768439
50 0.044162919 0.050236945 0.047543139 0.055388478 0.055216443 0.051060654 0.053402663 0.055779184 0.056426351 0.046793328 0.044521551 0.043497422
51 0.050313371 0.052755742 0.051492723 0.052594020 0.038044371 0.041177911 0.046951135 0.057788966 0.055126934 0.062072869 0.053001498 0.056321716
52 0.052613609 0.059518415 0.055628483 0.049490764 0.038440352 0.043920995 0.050659921 0.058679668 0.055886910 0.060186996 0.052862501 0.055179786
53 0.049471394 0.052835086 0.051494399 0.045449423 0.033448370 0.038660343 0.046516811 0.053302847 0.051958151 0.056518680 0.048598790 0.051222088
54 0.051089945 0.051753521 0.051263269 0.062215039 0.053964926 0.048860965 0.039212091 0.051591660 0.044545570 0.059951963 0.054369202 0.053265057
55 0.057315588 0.057018161 0.057876445 0.071209733 0.062913942 0.058314848 0.049592462 0.061502208 0.054645257 0.067026084 0.062643331 0.060693255
56 0.054296335 0.055017382 0.054321206 0.067760268 0.058278523 0.052917478 0.045413861 0.056649897 0.049598237 0.058795684 0.056795628 0.054202518
57 0.056123532 0.056731763 0.055298136 0.046425121 0.038455323 0.038709113 0.039898163 0.043829803 0.040263467 0.053006427 0.044698968 0.049544874
58 0.060404348 0.061129426 0.059729411 0.052211150 0.043561642 0.045051274 0.045863376 0.051284590 0.046295100 0.058316697 0.049472187 0.053879225
59 0.063660009 0.064281081 0.062155884 0.053746675 0.045330852 0.046135035 0.042000689 0.046851789 0.040438893 0.060350003 0.053786285 0.057839271
60 0.049482517 0.048883102 0.047734276 0.047528040 0.041328321 0.038749376 0.030937316 0.034021871 0.034509629 0.050770731 0.043773870 0.049233769
61 0.044560261 0.043522146 0.043424061 0.047300364 0.038978089 0.034349032 0.027891196 0.036467520 0.033427676 0.047485446 0.039814242 0.044183435
62 0.046805161 0.045685010 0.045634610 0.046434466 0.039423175 0.034875342 0.028401019 0.035481093 0.032999839 0.048806030 0.040039322 0.044775338
63 0.057053736 0.058715300 0.060553707 0.060167258 0.051612140 0.049296458 0.042203895 0.053624476 0.043561986 0.058352197 0.051594232 0.053645144
64 0.062657851 0.064091621 0.065909972 0.064257217 0.054283643 0.053665651 0.045199581 0.056657356 0.045300565 0.064537691 0.056865835 0.059403896
65 0.058181918 0.060097527 0.062136212 0.062605491 0.053279155 0.051929901 0.045101804 0.056711616 0.046615198 0.060555419 0.053337926 0.055372286
66 0.056637576 0.060245208 0.059553342 0.047670617 0.039866320 0.038934187 0.039778768 0.049331851 0.041847717 0.054569774 0.046270755 0.047207142
67 0.060686686 0.060358316 0.061714608 0.050987419 0.043087033 0.040349684 0.041477420 0.046444111 0.041533784 0.050915283 0.046138805 0.046594507
68 0.062488041 0.064441779 0.063745320 0.051266522 0.045913085 0.042562759 0.041751842 0.049085965 0.042856681 0.058146335 0.051650468 0.052230126
69 0.042410270 0.042152032 0.042151898 0.044215916 0.036663986 0.027650260 0.027650383 0.039682184 0.033986317 0.046030460 0.039949265 0.042409851
70 0.042610927 0.044184323 0.044356525 0.040402337 0.032216491 0.026033968 0.028517046 0.041744844 0.035813766 0.051939876 0.041126348 0.045667402
71 0.042643619 0.043204353 0.042780786 0.040366134 0.034309659 0.028463600 0.027106983 0.037436819 0.033432579 0.051507507 0.042893505 0.047414585
            48          49          50          51          52          53          54          55          56          57          58          59
1                                                                                                                                                 
2                                                                                                                                                 
3                                                                                                                                                 
4                                                                                                                                                 
5                                                                                                                                                 
6                                                                                                                                                 
7                                                                                                                                                 
8                                                                                                                                                 
9                                                                                                                                                 
10                                                                                                                                                
11                                                                                                                                                
12                                                                                                                                                
13                                                                                                                                                
14                                                                                                                                                
15                                                                                                                                                
16                                                                                                                                                
17                                                                                                                                                
18                                                                                                                                                
19                                                                                                                                                
20                                                                                                                                                
21                                                                                                                                                
22                                                                                                                                                
23                                                                                                                                                
24                                                                                                                                                
25                                                                                                                                                
26                                                                                                                                                
27                                                                                                                                                
28                                                                                                                                                
29                                                                                                                                                
30                                                                                                                                                
31                                                                                                                                                
32                                                                                                                                                
33                                                                                                                                                
34                                                                                                                                                
35                                                                                                                                                
36                                                                                                                                                
37                                                                                                                                                
38                                                                                                                                                
39                                                                                                                                                
40                                                                                                                                                
41                                                                                                                                                
42                                                                                                                                                
43                                                                                                                                                
44                                                                                                                                                
45                                                                                                                                                
46                                                                                                                                                
47                                                                                                                                                
48                                                                                                                                                
49 0.027464942                                                                                                                                    
50 0.024794739 0.013099446                                                                                                                        
51 0.065101227 0.062759255 0.064232834                                                                                                            
52 0.064285088 0.059974810 0.059212993 0.023269782                                                                                                
53 0.060736468 0.055377130 0.056934846 0.016407032 0.021483129                                                                                    
54 0.042699766 0.038244684 0.038902815 0.053822883 0.054216842 0.049645349                                                                        
55 0.048567836 0.042105491 0.044135283 0.059105016 0.061317418 0.054005596 0.018524959                                                            
56 0.045695950 0.039750123 0.041579362 0.057742886 0.056350706 0.053414553 0.017032669 0.018696851                                                
57 0.049915062 0.047969086 0.049946612 0.054175386 0.057018580 0.053885435 0.047939622 0.059345035 0.055957172                                    
58 0.053634262 0.051100943 0.053136192 0.058444280 0.060820412 0.058465498 0.051116652 0.062119951 0.059254769 0.009932013                        
59 0.056221156 0.053873473 0.055921444 0.061004008 0.063002991 0.060610746 0.051132675 0.061946145 0.058290782 0.013552239 0.013674668            
60 0.042364363 0.044759793 0.045768186 0.050052411 0.052939020 0.049589809 0.045918552 0.056443151 0.053501560 0.024674202 0.030431947 0.031147753
61 0.038523279 0.040331832 0.041699007 0.044861775 0.048398863 0.044951877 0.037967870 0.047750503 0.044380083 0.024626611 0.030365574 0.031395638
62 0.040477581 0.042339312 0.043329700 0.047274747 0.050499022 0.047120925 0.039437110 0.050960826 0.047761721 0.022230580 0.027928093 0.029698413
63 0.053295318 0.051624616 0.051964004 0.058320212 0.054756735 0.056082867 0.047349189 0.053563792 0.048175984 0.050689999 0.053607319 0.053510331
64 0.059839826 0.057860143 0.058794247 0.060591302 0.057296671 0.059209747 0.051363654 0.058518666 0.053208501 0.051112268 0.053204773 0.052939166
65 0.054411981 0.052693785 0.053075966 0.059950965 0.056005065 0.058214743 0.048964175 0.055400092 0.049911468 0.050717912 0.052991629 0.053550028
66 0.049412576 0.043733549 0.042723109 0.049856954 0.047739811 0.045754324 0.029617977 0.041336761 0.037731519 0.035672577 0.039317422 0.039821377
67 0.048120459 0.040960307 0.043582365 0.054787291 0.057067328 0.049018510 0.029213744 0.036487312 0.034441310 0.037965942 0.042458723 0.041407018
68 0.053380089 0.046849528 0.046411059 0.054634956 0.056022092 0.049452915 0.029244964 0.037202912 0.037440629 0.042202763 0.046598113 0.045268837
69 0.044178896 0.042425396 0.043640944 0.038321575 0.042776172 0.036610342 0.033711902 0.039234995 0.036220535 0.040731611 0.046562877 0.045758852
70 0.048843525 0.049242885 0.049226458 0.036352628 0.041032105 0.038364022 0.041972715 0.050663231 0.048173473 0.033998780 0.039422406 0.041196784
71 0.047369336 0.047040061 0.047964027 0.037138385 0.042730612 0.036517834 0.041799729 0.048184738 0.047572442 0.037326304 0.043235424 0.043543331
            60          61          62          63          64          65          66          67          68          69          70
1                                                                                                                                     
2                                                                                                                                     
3                                                                                                                                     
4                                                                                                                                     
5                                                                                                                                     
6                                                                                                                                     
7                                                                                                                                     
8                                                                                                                                     
9                                                                                                                                     
10                                                                                                                                    
11                                                                                                                                    
12                                                                                                                                    
13                                                                                                                                    
14                                                                                                                                    
15                                                                                                                                    
16                                                                                                                                    
17                                                                                                                                    
18                                                                                                                                    
19                                                                                                                                    
20                                                                                                                                    
21                                                                                                                                    
22                                                                                                                                    
23                                                                                                                                    
24                                                                                                                                    
25                                                                                                                                    
26                                                                                                                                    
27                                                                                                                                    
28                                                                                                                                    
29                                                                                                                                    
30                                                                                                                                    
31                                                                                                                                    
32                                                                                                                                    
33                                                                                                                                    
34                                                                                                                                    
35                                                                                                                                    
36                                                                                                                                    
37                                                                                                                                    
38                                                                                                                                    
39                                                                                                                                    
40                                                                                                                                    
41                                                                                                                                    
42                                                                                                                                    
43                                                                                                                                    
44                                                                                                                                    
45                                                                                                                                    
46                                                                                                                                    
47                                                                                                                                    
48                                                                                                                                    
49                                                                                                                                    
50                                                                                                                                    
51                                                                                                                                    
52                                                                                                                                    
53                                                                                                                                    
54                                                                                                                                    
55                                                                                                                                    
56                                                                                                                                    
57                                                                                                                                    
58                                                                                                                                    
59                                                                                                                                    
60                                                                                                                                    
61 0.011947867                                                                                                                        
62 0.010418692 0.007986308                                                                                                            
63 0.042421786 0.037752156 0.041113474                                                                                                
64 0.044832038 0.041087746 0.043302766 0.011192690                                                                                    
65 0.043301789 0.038747469 0.041872739 0.005739164 0.009815197                                                                        
66 0.041361728 0.035276231 0.035150499 0.043474583 0.045992443 0.044485589                                                            
67 0.042996180 0.036905780 0.037612818 0.047713537 0.050779074 0.049639906 0.020851015                                                
68 0.046462328 0.040579988 0.040535983 0.051834258 0.054984208 0.053926757 0.017204730 0.016635437                                    
69 0.033908559 0.025146407 0.030189972 0.037320468 0.043556555 0.040634009 0.034544533 0.034086421 0.035845181                        
70 0.029865283 0.023407354 0.026620104 0.037083758 0.041246177 0.038932603 0.034560108 0.040808162 0.041084951 0.019982756            
71 0.028542890 0.023307309 0.027643553 0.038156090 0.043452626 0.040884153 0.038229103 0.040945115 0.041759933 0.016095978 0.012478737


