LM=14
1105.00000 475.00000
913.00000 415.00000
829.00000 507.00000
605.00000 536.00000
-1.00000 -1.00000
164.00000 789.00000
82.00000 760.00000
78.00000 721.00000
231.00000 534.00000
-1.00000 -1.00000
515.00000 323.00000
801.00000 430.00000
843.00000 246.00000
992.00000 303.00000
IMAGE=01_N_lepida_RCT2375_D4_1_1.jpg
ID=0
SCALE=0.023231
LM=14
1149.00000 495.00000
957.00000 430.00000
872.00000 524.00000
643.00000 550.00000
-1.00000 -1.00000
203.00000 798.00000
124.00000 777.00000
114.00000 740.00000
275.00000 543.00000
-1.00000 -1.00000
549.00000 334.00000
848.00000 444.00000
891.00000 260.00000
1038.00000 322.00000
IMAGE=01_N_lepida_RCT2375_D4_1_2.jpg
ID=1
SCALE=0.023231
LM=14
1145.00000 493.00000
961.00000 429.00000
877.00000 518.00000
644.00000 548.00000
-1.00000 -1.00000
203.00000 799.00000
124.00000 778.00000
116.00000 741.00000
275.00000 542.00000
-1.00000 -1.00000
558.00000 334.00000
849.00000 443.00000
891.00000 259.00000
1037.00000 325.00000
IMAGE=01_N_lepida_RCT2375_D4_1_3.jpg
ID=2
SCALE=0.023231
LM=14
1093.00000 512.00000
877.00000 450.00000
805.00000 530.00000
586.00000 560.00000
-1.00000 -1.00000
110.00000 762.00000
32.00000 722.00000
38.00000 688.00000
-1.00000 -1.00000
-1.00000 -1.00000
442.00000 334.00000
765.00000 466.00000
841.00000 261.00000
1017.00000 368.00000
IMAGE=01_N_lepida_RCT2836_D4_1_1.jpg
ID=3
SCALE=0.018506
LM=14
1107.00000 568.00000
903.00000 476.00000
829.00000 540.00000
598.00000 550.00000
-1.00000 -1.00000
122.00000 704.00000
52.00000 668.00000
58.00000 628.00000
-1.00000 -1.00000
-1.00000 -1.00000
520.00000 322.00000
795.00000 478.00000
885.00000 295.00000
1047.00000 412.00000
IMAGE=01_N_lepida_RCT2836_D4_1_2.jpg
ID=4
SCALE=0.018506
LM=14
1109.00000 570.00000
921.00000 476.00000
837.00000 546.00000
610.00000 544.00000
-1.00000 -1.00000
132.00000 680.00000
62.00000 634.00000
70.00000 596.00000
-1.00000 -1.00000
-1.00000 -1.00000
536.00000 309.00000
805.00000 484.00000
905.00000 291.00000
1065.00000 414.00000
IMAGE=01_N_lepida_RCT2836_D4_1_3.jpg
ID=5
SCALE=0.018506
LM=14
1131.00000 518.00000
937.00000 436.00000
859.00000 508.00000
610.00000 526.00000
-1.00000 -1.00000
130.00000 718.00000
52.00000 668.00000
78.00000 634.00000
238.00000 440.00000
-1.00000 -1.00000
530.00000 295.00000
831.00000 448.00000
921.00000 251.00000
-1.00000 -1.00000
IMAGE=01_N_lepida_RCT2841_D4_1_1.jpg
ID=6
SCALE=0.019984
LM=14
1143.00000 564.00000
959.00000 476.00000
887.00000 550.00000
628.00000 564.00000
-1.00000 -1.00000
174.00000 752.00000
104.00000 690.00000
132.00000 674.00000
288.00000 476.00000
-1.00000 -1.00000
568.00000 338.00000
855.00000 480.00000
933.00000 297.00000
-1.00000 -1.00000
IMAGE=01_N_lepida_RCT2841_D4_1_2.jpg
ID=7
SCALE=0.019984
LM=14
1117.00000 560.00000
949.00000 472.00000
869.00000 544.00000
622.00000 538.00000
-1.00000 -1.00000
142.00000 690.00000
76.00000 622.00000
106.00000 604.00000
274.00000 418.00000
-1.00000 -1.00000
586.00000 305.00000
849.00000 476.00000
943.00000 289.00000
-1.00000 -1.00000
IMAGE=01_N_lepida_RCT2841_D4_1_3.jpg
ID=8
SCALE=0.019984
LM=14
1083.00000 459.00000
872.00000 402.00000
798.00000 517.00000
504.00000 544.00000
-1.00000 -1.00000
123.00000 804.00000
35.00000 785.00000
35.00000 737.00000
163.00000 494.00000
68.00000 379.00000
485.00000 308.00000
727.00000 402.00000
790.00000 224.00000
991.00000 293.00000
IMAGE=01_N_lepida_RCT2842_D4_1_1.jpg
ID=9
SCALE=0.019984
LM=14
1121.00000 563.00000
928.00000 471.00000
824.00000 557.00000
501.00000 557.00000
-1.00000 -1.00000
112.00000 747.00000
25.00000 705.00000
35.00000 668.00000
202.00000 450.00000
125.00000 321.00000
550.00000 318.00000
771.00000 450.00000
888.00000 283.00000
1062.00000 388.00000
IMAGE=01_N_lepida_RCT2842_D4_1_2.jpg
ID=10
SCALE=0.019984
LM=14
1114.00000 572.00000
928.00000 490.00000
824.00000 582.00000
522.00000 578.00000
-1.00000 -1.00000
119.00000 779.00000
35.00000 747.00000
45.00000 703.00000
206.00000 488.00000
125.00000 354.00000
539.00000 344.00000
767.00000 473.00000
876.00000 308.00000
1056.00000 404.00000
IMAGE=01_N_lepida_RCT2842_D4_1_3.jpg
ID=11
SCALE=0.019984
LM=14
1104.00000 615.00000
924.00000 521.00000
859.00000 578.00000
648.00000 588.00000
-1.00000 -1.00000
178.00000 752.00000
113.00000 717.00000
127.00000 676.00000
270.00000 494.00000
186.00000 374.00000
616.00000 363.00000
818.00000 521.00000
896.00000 343.00000
1041.00000 443.00000
IMAGE=01_N_lepida_RCT2976_D4_1_1.jpg
ID=12
SCALE=0.022200
LM=14
1055.00000 590.00000
900.00000 490.00000
818.00000 545.00000
605.00000 553.00000
-1.00000 -1.00000
131.00000 696.00000
64.00000 662.00000
78.00000 625.00000
227.00000 439.00000
150.00000 316.00000
552.00000 324.00000
777.00000 486.00000
875.00000 314.00000
996.00000 406.00000
IMAGE=01_N_lepida_RCT2976_D4_1_2.jpg
ID=13
SCALE=0.022200
LM=14
1121.00000 545.00000
973.00000 445.00000
869.00000 492.00000
663.00000 488.00000
-1.00000 -1.00000
174.00000 609.00000
109.00000 560.00000
125.00000 537.00000
287.00000 359.00000
213.00000 233.00000
612.00000 253.00000
828.00000 433.00000
937.00000 261.00000
1065.00000 367.00000
IMAGE=01_N_lepida_RCT2976_D4_1_3.jpg
ID=14
SCALE=0.022200
LM=14
1133.00000 459.00000
930.00000 378.00000
855.00000 468.00000
605.00000 476.00000
-1.00000 -1.00000
176.00000 701.00000
99.00000 670.00000
103.00000 631.00000
-1.00000 -1.00000
-1.00000 -1.00000
608.00000 249.00000
808.00000 382.00000
881.00000 202.00000
1029.00000 284.00000
IMAGE=01_N_lepida_RCT2977)D4_1_2.jpg
ID=15
SCALE=0.022200
LM=14
1106.00000 515.00000
910.00000 416.00000
826.00000 498.00000
583.00000 482.00000
-1.00000 -1.00000
127.00000 660.00000
54.00000 631.00000
58.00000 586.00000
-1.00000 -1.00000
-1.00000 -1.00000
608.00000 255.00000
794.00000 396.00000
881.00000 239.00000
1018.00000 331.00000
IMAGE=01_N_lepida_RCT2977_D4_1_1.jpg
ID=16
SCALE=0.022200
LM=14
1096.00000 533.00000
902.00000 429.00000
818.00000 498.00000
583.00000 476.00000
-1.00000 -1.00000
115.00000 647.00000
43.00000 611.00000
54.00000 566.00000
-1.00000 -1.00000
-1.00000 -1.00000
618.00000 259.00000
789.00000 406.00000
883.00000 245.00000
1010.00000 343.00000
IMAGE=01_N_lepida_RCT2977_D4_1_3.jpg
ID=17
SCALE=0.022200
LM=14
1127.00000 613.00000
959.00000 506.00000
890.00000 570.00000
659.00000 549.00000
415.00000 764.00000
234.00000 701.00000
-1.00000 -1.00000
195.00000 643.00000
-1.00000 -1.00000
-1.00000 -1.00000
673.00000 345.00000
845.00000 488.00000
951.00000 349.00000
1096.00000 463.00000
IMAGE=01_N_lepida_RCT2980_D4_1_1.jpg
ID=18
SCALE=0.022200
LM=14
1106.00000 584.00000
941.00000 484.00000
871.00000 555.00000
638.00000 529.00000
401.00000 748.00000
211.00000 686.00000
-1.00000 -1.00000
176.00000 625.00000
-1.00000 -1.00000
-1.00000 -1.00000
665.00000 324.00000
834.00000 474.00000
947.00000 329.00000
1076.00000 431.00000
IMAGE=01_N_lepida_RCT2980_D4_1_2.jpg
ID=19
SCALE=0.022200
LM=14
1086.00000 586.00000
920.00000 488.00000
851.00000 555.00000
622.00000 529.00000
381.00000 746.00000
195.00000 682.00000
-1.00000 -1.00000
158.00000 619.00000
-1.00000 -1.00000
-1.00000 -1.00000
626.00000 327.00000
824.00000 468.00000
910.00000 322.00000
1055.00000 439.00000
IMAGE=01_N_lepida_RCT2980_D4_1_3.jpg
ID=20
SCALE=0.022200
LM=14
1127.00000 504.00000
955.00000 408.00000
855.00000 513.00000
628.00000 488.00000
348.00000 764.00000
178.00000 703.00000
92.00000 676.00000
109.00000 621.00000
258.00000 414.00000
-1.00000 -1.00000
612.00000 265.00000
865.00000 400.00000
922.00000 237.00000
1074.00000 335.00000
IMAGE=03_N_lepida_RCT2992_D4_3_1.jpg
ID=21
SCALE=0.022200
LM=14
1096.00000 496.00000
920.00000 398.00000
818.00000 506.00000
608.00000 480.00000
311.00000 754.00000
139.00000 688.00000
60.00000 662.00000
70.00000 604.00000
225.00000 402.00000
-1.00000 -1.00000
573.00000 257.00000
812.00000 392.00000
904.00000 222.00000
1041.00000 318.00000
IMAGE=03_N_lepida_RCT2992_D4_3_2.jpg
ID=22
SCALE=0.022200
LM=14
1123.00000 529.00000
945.00000 435.00000
845.00000 545.00000
630.00000 519.00000
344.00000 797.00000
168.00000 735.00000
88.00000 705.00000
99.00000 649.00000
250.00000 449.00000
-1.00000 -1.00000
605.00000 296.00000
824.00000 429.00000
922.00000 261.00000
1069.00000 363.00000
IMAGE=03_N_lepida_RCT2992_D4_3_3.jpg
ID=23
SCALE=0.022200
LM=14
1127.00000 502.00000
933.00000 398.00000
818.00000 508.00000
591.00000 463.00000
274.00000 711.00000
78.00000 625.00000
11.00000 584.00000
25.00000 533.00000
211.00000 343.00000
-1.00000 -1.00000
567.00000 235.00000
798.00000 390.00000
937.00000 206.00000
1061.00000 312.00000
IMAGE=03_N_lepida_RCT2993_D4_3_1.jpg
ID=24
SCALE=0.021257
LM=14
1125.00000 508.00000
935.00000 402.00000
818.00000 513.00000
601.00000 482.00000
285.00000 743.00000
82.00000 654.00000
17.00000 596.00000
27.00000 560.00000
207.00000 376.00000
-1.00000 -1.00000
589.00000 257.00000
800.00000 412.00000
924.00000 212.00000
1051.00000 318.00000
IMAGE=03_N_lepida_RCT2993_D4_3_2.jpg
ID=25
SCALE=0.021257
LM=14
1127.00000 504.00000
937.00000 404.00000
814.00000 517.00000
601.00000 480.00000
276.00000 735.00000
84.00000 649.00000
17.00000 600.00000
31.00000 560.00000
205.00000 382.00000
-1.00000 -1.00000
583.00000 257.00000
800.00000 412.00000
920.00000 212.00000
1049.00000 314.00000
IMAGE=03_N_lepida_RCT2993_D4_3_3.jpg
ID=26
SCALE=0.021257
LM=14
1112.00000 474.00000
930.00000 390.00000
875.00000 451.00000
642.00000 470.00000
362.00000 729.00000
201.00000 658.00000
131.00000 621.00000
154.00000 574.00000
-1.00000 -1.00000
-1.00000 -1.00000
612.00000 251.00000
818.00000 378.00000
916.00000 214.00000
1063.00000 316.00000
IMAGE=03_N_lepida_RCT2995_D4_3_1.jpg
ID=27
SCALE=0.021257
LM=14
1102.00000 431.00000
920.00000 357.00000
867.00000 419.00000
638.00000 451.00000
366.00000 717.00000
197.00000 652.00000
121.00000 617.00000
146.00000 570.00000
-1.00000 -1.00000
-1.00000 -1.00000
605.00000 228.00000
808.00000 353.00000
908.00000 185.00000
1045.00000 282.00000
IMAGE=03_N_lepida_RCT2995_D4_3_2.jpg
ID=28
SCALE=0.021257
LM=14
1119.00000 484.00000
947.00000 394.00000
886.00000 453.00000
657.00000 463.00000
360.00000 707.00000
203.00000 627.00000
123.00000 594.00000
148.00000 545.00000
-1.00000 -1.00000
-1.00000 -1.00000
622.00000 239.00000
826.00000 374.00000
930.00000 218.00000
1076.00000 327.00000
IMAGE=03_N_lepida_RCT2995_D4_3_3.jpg
ID=29
SCALE=0.021257
LM=14
1037.00000 515.00000
867.00000 425.00000
775.00000 504.00000
552.00000 488.00000
234.00000 711.00000
105.00000 652.00000
37.00000 609.00000
50.00000 570.00000
207.00000 388.00000
-1.00000 -1.00000
556.00000 259.00000
731.00000 414.00000
848.00000 241.00000
990.00000 353.00000
IMAGE=03_N_lepida_RCT2996_D4_3_1.jpg
ID=30
SCALE=0.021257
LM=14
1045.00000 519.00000
873.00000 431.00000
783.00000 508.00000
569.00000 494.00000
252.00000 719.00000
121.00000 660.00000
54.00000 621.00000
64.00000 584.00000
217.00000 394.00000
-1.00000 -1.00000
563.00000 267.00000
734.00000 419.00000
865.00000 243.00000
998.00000 361.00000
IMAGE=03_N_lepida_RCT2996_D4_3_2.jpg
ID=31
SCALE=0.021257
LM=14
1096.00000 541.00000
926.00000 466.00000
832.00000 555.00000
614.00000 551.00000
325.00000 799.00000
189.00000 746.00000
121.00000 721.00000
125.00000 670.00000
264.00000 476.00000
-1.00000 -1.00000
595.00000 325.00000
794.00000 470.00000
904.00000 282.00000
1037.00000 384.00000
IMAGE=03_N_lepida_RCT2996_D4_3_3.jpg
ID=32
SCALE=0.021257
LM=14
-1.00000 -1.00000
961.00000 484.00000
849.00000 586.00000
614.00000 545.00000
-1.00000 -1.00000
178.00000 690.00000
72.00000 619.00000
84.00000 545.00000
254.00000 441.00000
205.00000 282.00000
603.00000 314.00000
828.00000 490.00000
953.00000 302.00000
-1.00000 -1.00000
IMAGE=03_N_lepida_RCT2998_D4_3_1.jpg
ID=33
SCALE=0.023231
LM=14
-1.00000 -1.00000
975.00000 470.00000
879.00000 574.00000
648.00000 549.00000
-1.00000 -1.00000
215.00000 717.00000
103.00000 647.00000
109.00000 580.00000
281.00000 453.00000
221.00000 304.00000
618.00000 322.00000
859.00000 488.00000
973.00000 290.00000
-1.00000 -1.00000
IMAGE=03_N_lepida_RCT2998_D4_3_2.jpg
ID=34
SCALE=0.021257
LM=14
-1.00000 -1.00000
1016.00000 433.00000
924.00000 543.00000
693.00000 521.00000
-1.00000 -1.00000
264.00000 692.00000
150.00000 621.00000
156.00000 560.00000
319.00000 425.00000
256.00000 282.00000
667.00000 292.00000
896.00000 455.00000
1006.00000 247.00000
-1.00000 -1.00000
IMAGE=03_N_lepida_RCT2998_D4_3_3.jpg
ID=35
SCALE=0.021257
LM=14
1002.00000 566.00000
834.00000 472.00000
755.00000 539.00000
536.00000 531.00000
-1.00000 -1.00000
95.00000 670.00000
27.00000 621.00000
66.00000 580.00000
-1.00000 -1.00000
-1.00000 -1.00000
497.00000 314.00000
704.00000 472.00000
814.00000 298.00000
949.00000 406.00000
IMAGE=06_N_lepida_RCT2999_D4_6_1.jpg
ID=36
SCALE=0.021257
LM=14
1016.00000 535.00000
845.00000 443.00000
769.00000 515.00000
544.00000 519.00000
-1.00000 -1.00000
107.00000 676.00000
48.00000 631.00000
70.00000 588.00000
-1.00000 -1.00000
-1.00000 -1.00000
487.00000 302.00000
714.00000 449.00000
830.00000 273.00000
955.00000 374.00000
IMAGE=06_N_lepida_RCT2999_D4_6_2.jpg
ID=37
SCALE=0.021257
LM=14
1037.00000 486.00000
859.00000 394.00000
791.00000 463.00000
565.00000 470.00000
-1.00000 -1.00000
131.00000 621.00000
58.00000 582.00000
95.00000 535.00000
-1.00000 -1.00000
-1.00000 -1.00000
491.00000 251.00000
728.00000 404.00000
851.00000 222.00000
977.00000 322.00000
IMAGE=06_N_lepida_RCT2999_D4_6_3.jpg
ID=38
SCALE=0.021257
LM=14
961.00000 647.00000
817.00000 561.00000
746.00000 609.00000
556.00000 586.00000
-1.00000 -1.00000
148.00000 695.00000
96.00000 655.00000
106.00000 632.00000
-1.00000 -1.00000
-1.00000 -1.00000
526.00000 398.00000
715.00000 553.00000
-1.00000 -1.00000
-1.00000 -1.00000
IMAGE=07_N_lepida_RCT2898_D4_7_1.jpg
ID=39
SCALE=0.026279
LM=14
1001.00000 762.00000
863.00000 655.00000
790.00000 705.00000
612.00000 657.00000
-1.00000 -1.00000
192.00000 720.00000
146.00000 670.00000
158.00000 651.00000
-1.00000 -1.00000
-1.00000 -1.00000
595.00000 459.00000
761.00000 643.00000
-1.00000 -1.00000
-1.00000 -1.00000
IMAGE=07_N_lepida_RCT2898_D4_7_2.jpg
ID=40
SCALE=0.026279
LM=14
1231.00000 741.00000
1087.00000 645.00000
1024.00000 689.00000
840.00000 662.00000
-1.00000 -1.00000
426.00000 745.00000
370.00000 693.00000
386.00000 678.00000
-1.00000 -1.00000
-1.00000 -1.00000
815.00000 465.00000
987.00000 632.00000
-1.00000 -1.00000
-1.00000 -1.00000
IMAGE=07_N_lepida_RCT2898_D4_7_3.jpg
ID=41
SCALE=0.026279
LM=14
1172.00000 492.00000
996.00000 408.00000
916.00000 488.00000
669.00000 492.00000
-1.00000 -1.00000
229.00000 676.00000
162.00000 649.00000
158.00000 607.00000
-1.00000 -1.00000
-1.00000 -1.00000
638.00000 277.00000
875.00000 404.00000
959.00000 243.00000
-1.00000 -1.00000
IMAGE=07_N_lepida_RCT3000_D4_7_1.jpg
ID=42
SCALE=0.022200
LM=14
1151.00000 498.00000
977.00000 414.00000
894.00000 492.00000
659.00000 496.00000
-1.00000 -1.00000
215.00000 684.00000
144.00000 660.00000
144.00000 611.00000
-1.00000 -1.00000
-1.00000 -1.00000
632.00000 284.00000
873.00000 419.00000
930.00000 243.00000
-1.00000 -1.00000
IMAGE=07_N_lepida_RCT3000_D4_7_2.jpg
ID=43
SCALE=0.022200
LM=14
1180.00000 488.00000
1000.00000 404.00000
916.00000 482.00000
687.00000 484.00000
-1.00000 -1.00000
242.00000 664.00000
172.00000 637.00000
174.00000 592.00000
-1.00000 -1.00000
-1.00000 -1.00000
685.00000 269.00000
888.00000 402.00000
975.00000 237.00000
-1.00000 -1.00000
IMAGE=07_N_lepida_RCT3000_D4_7_3.jpg
ID=44
SCALE=0.022200
LM=14
-1.00000 -1.00000
1060.00000 538.00000
-1.00000 -1.00000
652.00000 563.00000
-1.00000 -1.00000
121.00000 708.00000
35.00000 662.00000
58.00000 603.00000
-1.00000 -1.00000
-1.00000 -1.00000
656.00000 318.00000
932.00000 507.00000
1035.00000 339.00000
-1.00000 -1.00000
IMAGE=09_N_lepida_RCT2906_D4_9_1.jpg
ID=45
SCALE=0.020815
LM=14
-1.00000 -1.00000
1052.00000 563.00000
-1.00000 -1.00000
650.00000 624.00000
-1.00000 -1.00000
146.00000 814.00000
66.00000 768.00000
77.00000 710.00000
-1.00000 -1.00000
-1.00000 -1.00000
663.00000 383.00000
922.00000 549.00000
1052.00000 383.00000
-1.00000 -1.00000
IMAGE=09_N_lepida_RCT2906_D4_9_2.jpg
ID=46
SCALE=0.020815
LM=14
-1.00000 -1.00000
1022.00000 536.00000
-1.00000 -1.00000
644.00000 628.00000
-1.00000 -1.00000
152.00000 873.00000
73.00000 841.00000
75.00000 772.00000
-1.00000 -1.00000
-1.00000 -1.00000
629.00000 392.00000
897.00000 536.00000
995.00000 350.00000
-1.00000 -1.00000
IMAGE=09_N_lepida_RCT2906_D4_9_3.jpg
ID=47
SCALE=0.020815
LM=14
995.00000 595.00000
815.00000 502.00000
755.00000 557.00000
512.00000 576.00000
-1.00000 -1.00000
-1.00000 -1.00000
-1.00000 -1.00000
-1.00000 -1.00000
-1.00000 -1.00000
-1.00000 -1.00000
499.00000 350.00000
708.00000 487.00000
-1.00000 -1.00000
-1.00000 -1.00000
IMAGE=09_N_lepida_RCT2913_D4_9_1.jpg
ID=48
SCALE=0.019217
LM=14
1066.00000 653.00000
892.00000 544.00000
824.00000 594.00000
583.00000 592.00000
-1.00000 -1.00000
-1.00000 -1.00000
-1.00000 -1.00000
-1.00000 -1.00000
-1.00000 -1.00000
-1.00000 -1.00000
595.00000 356.00000
792.00000 540.00000
-1.00000 -1.00000
-1.00000 -1.00000
IMAGE=09_N_lepida_RCT2913_D4_9_2.jpg
ID=49
SCALE=0.019217
LM=14
1035.00000 590.00000
855.00000 509.00000
792.00000 572.00000
554.00000 609.00000
-1.00000 -1.00000
-1.00000 -1.00000
-1.00000 -1.00000
-1.00000 -1.00000
-1.00000 -1.00000
-1.00000 -1.00000
510.00000 379.00000
738.00000 525.00000
-1.00000 -1.00000
-1.00000 -1.00000
IMAGE=09_N_lepida_RCT2913_D4_9_3.jpg
ID=50
SCALE=0.019217
LM=14
-1.00000 -1.00000
1008.00000 490.00000
904.00000 570.00000
653.00000 551.00000
-1.00000 -1.00000
195.00000 696.00000
113.00000 656.00000
139.00000 625.00000
303.00000 447.00000
-1.00000 -1.00000
636.00000 331.00000
883.00000 484.00000
996.00000 324.00000
-1.00000 -1.00000
IMAGE=09_N_lepida_RCT3001_D4_9_1.jpg
ID=51
SCALE=0.021257
LM=14
-1.00000 -1.00000
951.00000 459.00000
843.00000 551.00000
601.00000 529.00000
-1.00000 -1.00000
142.00000 670.00000
64.00000 623.00000
80.00000 604.00000
250.00000 419.00000
-1.00000 -1.00000
583.00000 302.00000
836.00000 455.00000
939.00000 294.00000
-1.00000 -1.00000
IMAGE=09_N_lepida_RCT3001_D4_9_2.jpg
ID=52
SCALE=0.021257
LM=14
-1.00000 -1.00000
912.00000 459.00000
814.00000 545.00000
587.00000 527.00000
-1.00000 -1.00000
115.00000 670.00000
33.00000 621.00000
54.00000 609.00000
219.00000 419.00000
-1.00000 -1.00000
558.00000 304.00000
798.00000 459.00000
904.00000 290.00000
-1.00000 -1.00000
IMAGE=09_N_lepida_RCT3001_D4_9_3.jpg
ID=53
SCALE=0.021257
LM=14
-1.00000 -1.00000
893.00000 365.00000
828.00000 473.00000
589.00000 503.00000
-1.00000 -1.00000
110.00000 833.00000
23.00000 800.00000
22.00000 756.00000
-1.00000 -1.00000
-1.00000 -1.00000
493.00000 283.00000
807.00000 373.00000
886.00000 176.00000
1035.00000 239.00000
IMAGE=10_N_lepida_RCT2921_D4_10_1.jpg
ID=54
SCALE=0.019217
LM=14
-1.00000 -1.00000
947.00000 425.00000
847.00000 511.00000
621.00000 503.00000
-1.00000 -1.00000
110.00000 708.00000
25.00000 670.00000
34.00000 631.00000
-1.00000 -1.00000
-1.00000 -1.00000
579.00000 270.00000
836.00000 425.00000
957.00000 237.00000
1093.00000 344.00000
IMAGE=10_N_lepida_RCT2921_D4_10_2.jpg
ID=55
SCALE=0.019217
LM=14
-1.00000 -1.00000
964.00000 509.00000
857.00000 594.00000
627.00000 563.00000
-1.00000 -1.00000
102.00000 741.00000
23.00000 670.00000
41.00000 647.00000
-1.00000 -1.00000
-1.00000 -1.00000
602.00000 331.00000
872.00000 502.00000
995.00000 329.00000
1121.00000 440.00000
IMAGE=10_N_lepida_RCT2921_D4_10_3.jpg
ID=56
SCALE=0.019217
LM=14
1106.00000 541.00000
906.00000 445.00000
810.00000 525.00000
608.00000 513.00000
297.00000 750.00000
-1.00000 -1.00000
-1.00000 -1.00000
103.00000 596.00000
-1.00000 -1.00000
-1.00000 -1.00000
589.00000 302.00000
796.00000 441.00000
904.00000 275.00000
1045.00000 374.00000
IMAGE=10_N_lepida_RCT3002_D4_10_1.jpg
ID=57
SCALE=0.022200
LM=14
1125.00000 564.00000
920.00000 457.00000
828.00000 535.00000
624.00000 506.00000
305.00000 731.00000
-1.00000 -1.00000
-1.00000 -1.00000
109.00000 570.00000
-1.00000 -1.00000
-1.00000 -1.00000
614.00000 298.00000
822.00000 449.00000
939.00000 286.00000
1072.00000 398.00000
IMAGE=10_N_lepida_RCT3002_D4_10_2.jpg
ID=58
SCALE=0.022200
LM=14
1057.00000 547.00000
853.00000 433.00000
761.00000 508.00000
552.00000 480.00000
236.00000 701.00000
-1.00000 -1.00000
-1.00000 -1.00000
48.00000 545.00000
-1.00000 -1.00000
-1.00000 -1.00000
540.00000 271.00000
755.00000 427.00000
875.00000 263.00000
1004.00000 378.00000
IMAGE=10_N_lepida_RCT3002_D4_10_3.jpg
ID=59
SCALE=0.022200
LM=14
1106.00000 448.00000
892.00000 373.00000
817.00000 471.00000
570.00000 486.00000
-1.00000 -1.00000
91.00000 737.00000
-1.00000 -1.00000
-1.00000 -1.00000
-1.00000 -1.00000
-1.00000 -1.00000
460.00000 256.00000
777.00000 383.00000
857.00000 189.00000
-1.00000 -1.00000
IMAGE=16_N_lepida_RCT2949_D4_16_1.jpg
ID=60
SCALE=0.018468
LM=14
1104.00000 609.00000
907.00000 515.00000
821.00000 601.00000
570.00000 580.00000
-1.00000 -1.00000
87.00000 760.00000
-1.00000 -1.00000
-1.00000 -1.00000
-1.00000 -1.00000
-1.00000 -1.00000
541.00000 350.00000
796.00000 503.00000
897.00000 331.00000
-1.00000 -1.00000
IMAGE=16_N_lepida_RCT2949_D4_16_2.jpg
ID=61
SCALE=0.018468
LM=14
1120.00000 525.00000
928.00000 421.00000
830.00000 507.00000
598.00000 484.00000
-1.00000 -1.00000
98.00000 643.00000
-1.00000 -1.00000
-1.00000 -1.00000
-1.00000 -1.00000
-1.00000 -1.00000
591.00000 247.00000
819.00000 421.00000
918.00000 237.00000
-1.00000 -1.00000
IMAGE=16_N_lepida_RCT2949_D4_16_3.jpg
ID=62
SCALE=0.018468
LM=14
-1.00000 -1.00000
976.00000 454.00000
882.00000 553.00000
621.00000 544.00000
-1.00000 -1.00000
-1.00000 -1.00000
-1.00000 -1.00000
-1.00000 -1.00000
-1.00000 -1.00000
-1.00000 -1.00000
564.00000 298.00000
846.00000 457.00000
915.00000 247.00000
-1.00000 -1.00000
IMAGE=16_N_lepida_RCT2953_D4_16_1.jpg
ID=63
SCALE=0.019217
LM=14
-1.00000 -1.00000
1014.00000 431.00000
901.00000 517.00000
635.00000 477.00000
-1.00000 -1.00000
-1.00000 -1.00000
-1.00000 -1.00000
-1.00000 -1.00000
-1.00000 -1.00000
-1.00000 -1.00000
641.00000 235.00000
857.00000 411.00000
966.00000 224.00000
-1.00000 -1.00000
IMAGE=16_N_lepida_RCT2953_D4_16_2.jpg
ID=64
SCALE=0.019217
LM=14
-1.00000 -1.00000
980.00000 534.00000
872.00000 618.00000
612.00000 569.00000
-1.00000 -1.00000
-1.00000 -1.00000
-1.00000 -1.00000
-1.00000 -1.00000
-1.00000 -1.00000
-1.00000 -1.00000
644.00000 329.00000
838.00000 505.00000
957.00000 325.00000
-1.00000 -1.00000
IMAGE=16_N_lepida_RCT2953_D4_16_3.jpg
ID=65
SCALE=0.019217
LM=14
-1.00000 -1.00000
997.00000 444.00000
924.00000 534.00000
642.00000 544.00000
-1.00000 -1.00000
154.00000 812.00000
77.00000 774.00000
69.00000 708.00000
-1.00000 -1.00000
-1.00000 -1.00000
612.00000 298.00000
893.00000 434.00000
987.00000 247.00000
-1.00000 -1.00000
IMAGE=17_N_lepida_RCT2956_D4_17_1.jpg
ID=66
SCALE=0.019548
LM=14
-1.00000 -1.00000
1010.00000 488.00000
913.00000 565.00000
635.00000 542.00000
-1.00000 -1.00000
104.00000 737.00000
25.00000 680.00000
35.00000 622.00000
-1.00000 -1.00000
-1.00000 -1.00000
685.00000 293.00000
909.00000 475.00000
1005.00000 291.00000
-1.00000 -1.00000
IMAGE=17_N_lepida_RCT2956_D4_17_2.jpg
ID=67
SCALE=0.019548
LM=14
-1.00000 -1.00000
1006.00000 505.00000
905.00000 572.00000
627.00000 544.00000
-1.00000 -1.00000
94.00000 710.00000
16.00000 638.00000
33.00000 594.00000
-1.00000 -1.00000
-1.00000 -1.00000
717.00000 302.00000
903.00000 490.00000
993.00000 306.00000
-1.00000 -1.00000
IMAGE=17_N_lepida_RCT2956_D4_17_3.jpg
ID=68
SCALE=0.019548
LM=14
1068.00000 571.00000
886.00000 475.00000
773.00000 571.00000
545.00000 538.00000
-1.00000 -1.00000
-1.00000 -1.00000
-1.00000 -1.00000
-1.00000 -1.00000
-1.00000 -1.00000
-1.00000 -1.00000
499.00000 310.00000
771.00000 482.00000
-1.00000 -1.00000
-1.00000 -1.00000
IMAGE=17_N_lepida_RCT2958_D4_17_1.jpg
ID=69
SCALE=0.019548
LM=14
1045.00000 542.00000
853.00000 463.00000
746.00000 569.00000
506.00000 557.00000
-1.00000 -1.00000
-1.00000 -1.00000
-1.00000 -1.00000
-1.00000 -1.00000
-1.00000 -1.00000
-1.00000 -1.00000
460.00000 327.00000
742.00000 467.00000
-1.00000 -1.00000
-1.00000 -1.00000
IMAGE=17_N_lepida_RCT2958_D4_17_2.jpg
ID=70
SCALE=0.019548
LM=14
1114.00000 553.00000
911.00000 492.00000
809.00000 613.00000
583.00000 618.00000
-1.00000 -1.00000
-1.00000 -1.00000
-1.00000 -1.00000
-1.00000 -1.00000
-1.00000 -1.00000
-1.00000 -1.00000
499.00000 400.00000
805.00000 515.00000
-1.00000 -1.00000
-1.00000 -1.00000
IMAGE=17_N_lepida_RCT2958_D4_17_3.jpg
ID=71
SCALE=0.019548
